0,17,1,3.2043405481901974
0,23,1,9.658860280189069
0,43,1,8.410032534218184
0,56,1,7.322681269425465
0,65,1,3.2603887558223565
0,104,1,3.9243404700558946
0,128,1,2.7228825145198368
0,132,1,6.972674548242587
0,152,1,6.365911212075175
0,197,1,4.4632007302343135
0,256,1,8.090572117052744
0,260,1,9.910197416017517
0,265,1,3.5465334361371936
0,273,1,9.252691424075788
0,312,1,7.494243015390395
0,328,1,9.8791746969627
0,348,1,5.3564986564086485
0,471,1,8.781764307601064
0,513,1,0.878912955591844
0,640,1,3.269251288698085
0,652,1,6.002374401856158
0,771,1,8.382082272249889
0,834,1,3.803738265349815
0,842,1,4.786716391379126
1,20,1,5.802749460337208
1,32,1,3.13846345853928
1,97,1,1.6655827498702414
1,139,1,7.816734503290116
1,214,1,0.42171398527157344
1,293,1,5.173244356822474
1,512,1,0.5624531914956965
1,564,1,1.5623518245402113
1,593,1,5.282262419791016
1,658,1,0.10940665804757499
1,674,1,5.3655020052967695
2,8,1,1.9328083184151812
2,13,1,4.697307226863314
2,34,1,7.101561648323248
2,48,1,7.503718119981736
2,149,1,1.7756277465901116
2,157,1,5.984554319166029
2,176,1,4.377030457612753
2,359,1,3.1637009980018904
2,576,1,3.1396995346024656
2,577,1,8.51471179339382
2,599,1,5.079851767242053
2,648,1,6.003068675815351
2,657,1,0.6317755750725906
3,74,1,8.208795686193055
3,252,1,5.448950837716047
3,516,1,5.73710736671303
3,914,1,0.5118468238119411
4,12,1,3.574346722781775
4,49,1,3.046940988518667
4,105,1,5.43102785659748
4,136,1,0.7572484724546213
4,200,1,5.475455243460513
4,257,1,8.414574951402681
4,258,1,7.504491844404866
4,264,1,0.9103100208224224
4,372,1,6.769598150824091
4,410,1,6.773854722984241
4,460,1,4.688033267540405
4,495,1,3.019541149688849
4,592,1,6.015884576582639
4,614,1,9.002199941861184
4,616,1,0.8644014627281804
4,864,1,8.426106436612992
4,913,1,4.948923738923304
4,936,1,1.942728483356737
5,72,1,6.978781591866885
5,96,1,3.2646200716420704
5,145,1,6.608718190376077
5,216,1,5.2659800950478255
5,220,1,4.910236615843676
5,253,1,4.599873937531916
6,11,1,7.891465849870688
6,37,1,9.016616910978126
6,97,1,5.301216786038852
6,354,1,3.834412615830609
6,531,1,5.994027107473732
7,578,1,2.650764490470625
7,581,1,8.816948067071607
8,26,1,1.5281313806917673
8,36,1,7.474022689093419
8,40,1,1.9313669992463178
8,142,1,1.3072121720035945
8,199,1,2.0654615365465814
8,318,1,3.3979993530839305
8,592,1,7.159414973550739
8,646,1,6.868734256008109
8,656,1,0.8783672311881796
8,676,1,5.186264425743612
9,266,1,3.4007385520402442
9,371,1,6.108756241319227
9,552,1,4.885493027902692
9,621,1,7.2414632465194355
10,77,1,9.003630203922022
10,113,1,2.0651138580665727
10,150,1,3.495617015206245
10,196,1,9.43113601764017
10,256,1,1.6595988833629072
10,548,1,7.458771690182403
10,641,1,1.1742674445655021
10,896,1,0.06487184269270196
11,261,1,2.173793794029594
11,345,1,7.481211075124054
11,528,1,6.318585040370442
11,584,1,0.15377393014297747
11,592,1,8.487308577705296
11,790,1,6.683559599721834
12,42,1,6.284922756336426
12,66,1,0.019014864189307312
12,167,1,7.8722902851995
12,595,1,6.589620812012425
12,597,1,5.716420289998986
12,636,1,6.21756847390191
13,368,1,2.0842983808196225
13,584,1,4.3630790682158445
14,66,1,8.041950361604473
14,227,1,2.3520057321707966
14,285,1,9.049294009705692
14,320,1,2.732447462313158
14,789,1,0.18627432563498636
15,32,1,2.6502897793907474
16,25,1,6.030828903690068
16,27,1,5.932018481577136
16,108,1,0.7055617930542646
16,214,1,0.5037808534533739
16,226,1,3.9996812560656423
16,324,1,5.120653453414771
16,535,1,8.694033950918632
16,640,1,1.353920731981716
16,656,1,4.638984724378439
16,804,1,0.463465400043237
16,901,1,6.286461997960927
17,64,1,6.140084524316347
17,76,1,5.936783236672335
17,170,1,7.710926439004046
17,202,1,5.406517809352466
17,267,1,2.2305390563150027
17,657,1,2.9886039980060675
17,728,1,5.592133560892877
17,772,1,4.584601856165332
17,938,1,6.429173299849991
18,73,1,8.404572039106366
18,97,1,1.3056771179221804
18,201,1,0.9522291701041163
18,450,1,2.8649663756743915
18,691,1,9.78024656883825
18,724,1,4.289326443211788
18,824,1,4.710924381774024
18,857,1,2.144884982188302
19,468,1,4.5566137434786
19,553,1,4.4458757363117964
19,977,1,3.777674395016586
20,21,1,0.8680440130983613
20,29,1,3.0799082119193333
20,128,1,4.346067457004609
20,139,1,2.530424989292187
20,161,1,5.6706127882127175
20,193,1,9.480960183596856
20,307,1,5.4816130256446485
20,564,1,0.06780775557409968
20,608,1,6.156057777438147
20,660,1,0.1758018228135616
21,369,1,0.6701996200410243
21,385,1,2.5256811368089838
21,454,1,4.574784700815603
21,517,1,1.5984516800266724
21,642,1,3.921322293967288
22,77,1,2.8769581909281374
22,192,1,6.222319112025033
22,584,1,0.38213910447423616
22,741,1,3.7041855023770665
23,334,1,9.105866438347523
23,490,1,6.2332207872230905
24,227,1,5.558664942967022
24,233,1,8.389479151584279
25,40,1,9.827361536282842
25,99,1,6.3327382439348465
25,538,1,6.0116808682344995
25,573,1,0.61354191811407
26,132,1,0.7392029610879924
26,138,1,3.5520133035785015
26,409,1,6.216553536380797
26,552,1,1.9391216711823622
28,258,1,1.8796714302518847
28,802,1,3.9888048013572144
29,216,1,4.103949570023213
29,407,1,7.102975590052461
29,768,1,9.37287422555947
30,257,1,9.510874844727265
30,297,1,4.135915675025758
32,65,1,4.515776763700221
32,128,1,4.5465029655141365
32,192,1,9.556361853965758
32,262,1,2.107452692269398
32,420,1,0.3450380641093531
32,596,1,5.49035575516983
32,664,1,6.013601880389504
32,930,1,9.768977265313767
33,145,1,6.459587996208768
33,230,1,4.753019314501962
33,548,1,4.272299383331541
34,134,1,6.5804522739049
34,561,1,1.2515034293531258
34,706,1,1.7233097128877573
34,770,1,0.7674186627612378
34,786,1,7.453688208905911
34,897,1,9.910362389101092
35,51,1,9.576235860658189
35,66,1,8.778275751841027
35,606,1,5.974220904930721
36,75,1,8.032097190468285
36,216,1,1.1660638948788482
36,336,1,7.096955976859805
36,512,1,5.935183469557888
36,545,1,8.398611022022584
36,738,1,4.496152926557844
37,41,1,3.545408033873084
37,387,1,1.1372301152073117
37,832,1,5.830207467251385
38,85,1,5.333703676051501
38,161,1,6.690967211624587
38,273,1,5.667266216811454
39,140,1,9.589823092104627
39,304,1,1.8802945702941043
40,68,1,0.23677122404095918
40,152,1,9.219255669560155
40,268,1,3.7842085398554848
40,706,1,2.022659767197733
40,774,1,0.7381918945323407
40,1000,1,0.8771333436857487
41,139,1,5.616156857266569
41,384,1,5.730615919286148
41,525,1,3.4657680281136747
42,130,1,9.034927272914024
42,162,1,5.355087157360396
42,280,1,8.189039971099296
42,285,1,4.481999881618062
42,316,1,6.299736463660426
42,646,1,9.838752675996293
42,676,1,3.8848483188789293
43,70,1,6.701004855290408
43,276,1,8.17296190308966
43,289,1,5.344573977679103
43,324,1,1.5016581639779192
44,66,1,2.4390887871054225
44,1010,1,3.1345000217559607
45,78,1,9.548129085277349
45,357,1,7.130469969351244
45,864,1,3.2173266979932356
47,225,1,6.25542046518068
48,65,1,0.33769838443653777
48,151,1,2.8652572971045442
48,178,1,7.527976958067375
48,262,1,0.11443717925792685
48,472,1,5.715720533527673
49,554,1,7.019355533252732
49,658,1,7.666980188094472
49,896,1,1.5801206527137435
49,915,1,8.421113290401838
50,139,1,8.104642473705287
50,310,1,5.665729774083378
50,331,1,9.923562787553985
50,604,1,6.2955158992687075
50,832,1,5.998272077524554
50,840,1,9.536306019845046
52,89,1,1.115881820649527
52,220,1,4.0580165908009
52,483,1,8.585715997008421
52,512,1,1.2698323235963926
52,816,1,6.915052056039049
53,97,1,2.0326754656250525
53,210,1,4.1076935071513905
53,213,1,0.49751400581792393
53,322,1,4.005265860502002
54,76,1,4.382624089099922
55,418,1,3.8399532797402722
55,677,1,6.864353278918568
56,224,1,9.809255603320567
56,260,1,7.020543772179947
56,281,1,0.8609547532094786
57,150,1,1.2621671327511108
58,259,1,1.1702558069096836
60,457,1,7.765497175582502
60,530,1,8.697635495258474
62,479,1,7.684443091573302
63,74,1,6.832955059531418
64,96,1,3.9693661342766475
64,97,1,2.552890204493786
64,144,1,5.205943429079962
64,256,1,6.6274606648507515
64,266,1,0.433810061518477
64,640,1,2.225521884875735
64,828,1,5.973422384892199
65,108,1,6.946607133426362
65,130,1,7.63178440561617
65,256,1,0.6686611088171801
65,311,1,1.9185718062623824
65,568,1,6.402682670996949
66,288,1,5.066507563920837
66,331,1,6.0562027057929315
66,521,1,8.932760817366594
66,522,1,2.5323864489858705
66,544,1,7.242807047679211
66,554,1,1.327122133890265
66,720,1,2.7159359771997895
66,984,1,6.866381965742848
67,292,1,3.7063749086945674
67,408,1,0.9098122472564507
68,160,1,2.4035112700827077
68,214,1,8.299728620577818
68,340,1,8.414507309940165
68,709,1,9.66964962731172
68,770,1,4.2539685669652005
68,818,1,6.091983998768588
68,1016,1,8.135072643105973
69,357,1,5.968338787573707
69,423,1,2.6382361494177706
69,560,1,3.384350542262923
69,640,1,8.917489724698092
69,660,1,4.518808050486209
70,97,1,5.197499325837976
70,393,1,2.3249462872648974
70,546,1,9.89156090867737
70,578,1,0.5888938933686094
71,110,1,8.271801921727086
71,521,1,1.4196678258075213
71,581,1,9.429369528131186
71,832,1,8.490342641247619
72,276,1,2.9776074654555638
72,479,1,5.723140785809527
72,664,1,2.9749033056539362
72,682,1,9.514685289823884
73,74,1,2.9446747242625957
73,134,1,3.6025912564865203
73,201,1,7.784130754356021
73,347,1,7.069820357575875
73,432,1,1.0211333988934523
73,552,1,1.5722870146314893
73,913,1,4.905430572812976
74,128,1,5.369256672515689
74,219,1,4.686729615009794
74,301,1,1.6901807616080722
74,368,1,2.183602604974771
74,738,1,2.3213183673046722
76,400,1,0.34492533867644504
76,520,1,6.7054373470702835
77,198,1,8.933609903787064
78,92,1,3.6585363811602587
78,512,1,1.8684865324971
79,328,1,0.7615987345548558
80,98,1,4.031443203607189
80,260,1,2.6793482555340886
81,204,1,1.238429851180245
81,239,1,7.054190132826081
81,352,1,9.074546018003822
81,756,1,5.679991020755105
82,105,1,2.1072848893245357
82,544,1,4.869410926857125
82,578,1,9.375166610727494
82,625,1,2.619759405597215
84,94,1,6.894158783757405
85,274,1,1.8024714666906572
85,302,1,9.58441233934397
85,356,1,2.195471618480579
85,545,1,9.072502113892382
86,96,1,6.137882856847026
86,518,1,9.338158165150062
87,292,1,0.3689461934245064
87,938,1,2.547343298222936
88,92,1,3.251108549521823
88,216,1,4.83845363758306
90,195,1,8.080866834999835
90,264,1,7.677980876749838
90,596,1,3.113646099878906
92,137,1,8.028623000805425
92,397,1,7.788088707163455
92,536,1,7.007957637068945
92,772,1,5.458062651468543
93,355,1,2.395262121900914
94,578,1,7.276346443472258
95,704,1,1.162468962731219
96,198,1,2.2144250218088377
96,369,1,4.640006951237867
96,483,1,3.4232819325352635
96,520,1,8.429037704214592
96,522,1,4.497013671515244
96,594,1,3.8173114776654127
96,784,1,0.8277484832899662
96,962,1,5.933407447904992
97,145,1,7.396453162336318
97,216,1,8.437920834498925
97,513,1,9.775543867194273
97,650,1,4.009106653493788
97,850,1,2.1092460335004324
98,270,1,9.895817239445497
98,282,1,1.1288949238713275
98,931,1,3.9623808188717513
99,348,1,3.820809413331161
100,273,1,8.780266654417115
101,145,1,2.8670758195792434
101,268,1,8.524005798619983
102,298,1,5.669413675159865
102,412,1,3.756305582578517
102,460,1,0.8382379962914677
103,194,1,0.7456333205629695
104,148,1,7.308781461396149
104,164,1,5.336926853382005
104,185,1,7.017184930284889
104,562,1,3.4428156605327387
105,529,1,2.9898682056534898
105,530,1,5.363198844251418
105,631,1,9.560600188104482
106,576,1,5.966908587833669
107,112,1,6.831289341501106
108,190,1,7.963528854125016
108,396,1,8.156007906596134
108,518,1,5.309723910440741
108,709,1,7.329398106619017
109,565,1,1.3242545498842218
110,261,1,5.3182994476467735
110,589,1,2.053797076569878
110,633,1,5.008684838491007
110,642,1,4.682587640745989
111,522,1,8.754167716820458
111,546,1,0.32272413429116464
112,336,1,6.878993209011507
114,684,1,6.861979899173697
115,268,1,4.791773811987573
115,321,1,6.340145603074891
115,577,1,1.9909131438419303
116,323,1,3.1246167217528753
116,657,1,4.36999685224642
117,222,1,2.6935672988054415
118,644,1,3.0816268969132454
120,352,1,2.1591076553910957
120,582,1,5.090173770086927
121,613,1,7.660251506601714
121,834,1,0.15963729112439262
122,223,1,1.8929141242679792
122,280,1,3.9608705040742853
123,325,1,9.77515618708743
123,352,1,7.995907977914763
124,465,1,6.11828656627765
125,285,1,1.8230492891702088
128,131,1,6.0058919955644665
128,210,1,6.16078819621371
128,672,1,1.5453999475217506
128,673,1,3.505332683766148
128,913,1,3.201083970048366
129,194,1,8.019423072494543
129,209,1,6.6012685812015075
129,543,1,6.066419752698669
129,714,1,2.2597534921189535
129,913,1,8.398534866251554
130,288,1,4.423767015246609
130,544,1,6.350466783932629
130,589,1,3.7886614008430963
130,964,1,2.6144677116702075
131,166,1,5.6481665646869805
131,310,1,8.020369500229316
131,331,1,6.884205068521386
132,276,1,7.029865504179594
132,401,1,0.7174129395374229
132,492,1,0.6574176762977502
132,512,1,2.3132225143932796
132,553,1,5.6897515737870155
132,584,1,0.32996292343337563
132,660,1,8.482679293936108
132,661,1,2.736987696591812
132,896,1,0.6973766689827043
133,321,1,7.7624765858361275
133,719,1,3.026405362906397
133,904,1,5.0814718823796845
133,950,1,6.7467944594818965
134,285,1,8.126836630953154
134,587,1,7.889509671374254
134,770,1,9.56888019633932
135,184,1,0.8718796414108543
135,332,1,8.331077267463092
136,225,1,3.7219393133754606
136,262,1,1.6350286884228538
136,272,1,1.655744099145825
136,296,1,0.8205409523096063
136,392,1,8.940827803704266
136,981,1,6.63373838688257
137,281,1,5.513242371760924
137,320,1,9.04177417595379
137,515,1,3.416313896414133
137,600,1,7.054671694613852
137,643,1,8.206581552055281
137,648,1,5.9256076888149565
137,669,1,5.691378641314935
137,865,1,3.8309338247403457
138,588,1,5.7802144995837565
138,907,1,6.80217215132065
140,153,1,5.477542045541217
140,408,1,3.836917729514877
140,547,1,3.3648254210856274
140,551,1,8.899961007628034
141,525,1,9.251228322507458
141,808,1,1.3098019705880526
141,883,1,9.603410887820033
141,984,1,6.406495719002848
144,201,1,2.5696772055815154
144,256,1,9.208061209158313
144,260,1,4.450692999517142
144,300,1,5.735137282092408
144,351,1,9.428946789718635
144,596,1,0.9147037244750733
144,656,1,7.196221320905238
145,178,1,1.360520712761888
145,520,1,5.8856588633656495
146,174,1,2.887724613953573
146,391,1,8.790294529913375
146,513,1,5.00911854091653
146,786,1,1.4453171364547346
147,211,1,7.661760835060555
148,149,1,6.292400704506576
148,432,1,1.4180912563292425
148,752,1,4.377955528003687
149,314,1,4.964925433152498
149,468,1,4.8065429086378515
150,286,1,4.043147514329687
151,500,1,4.802031662053883
151,596,1,3.2120637461463666
151,871,1,5.333337993986618
152,192,1,8.62540369590147
152,212,1,5.154210566029685
152,222,1,3.2919508470171066
152,662,1,5.745419433930391
153,548,1,3.864387458948948
154,896,1,1.7338571838079109
158,393,1,8.106296205377491
159,198,1,8.758132177185079
159,512,1,8.330286564375735
160,162,1,7.5553968778785405
160,581,1,3.506567747420136
160,884,1,6.7249563811701645
161,256,1,7.201336991373159
161,708,1,6.063575620308916
162,464,1,6.655943624121093
162,481,1,7.629221685271127
165,393,1,4.415055114045652
166,658,1,4.484920664304257
168,275,1,3.7303904523929043
168,603,1,8.830094197826218
168,707,1,2.6924083522888087
168,808,1,8.97887278637353
170,268,1,2.157702306363566
172,208,1,2.9049141263149583
172,406,1,6.883296375618507
172,664,1,1.2878941691240564
175,641,1,5.979216150475652
176,188,1,2.472526961608513
179,291,1,1.8467243667742184
180,257,1,2.6773061679654564
182,460,1,1.7410455318256468
183,297,1,4.029794117101523
183,397,1,2.7847242822701315
183,552,1,5.5976570392033755
184,978,1,9.057372817533734
186,624,1,5.605399979653639
187,641,1,9.32451108313154
189,226,1,8.728288922191917
192,194,1,9.672190847385801
192,290,1,8.81751232217532
192,291,1,7.35088437025063
192,321,1,7.768296066144252
192,456,1,2.193657556318356
192,465,1,4.663235559198963
192,482,1,7.789937949525786
192,769,1,3.891268869907787
193,278,1,7.307151405453435
193,288,1,6.777572742625182
193,651,1,5.639665074575541
195,685,1,4.789845803410707
195,876,1,3.9638155454358195
196,292,1,9.59411857541006
196,738,1,8.537908802472565
196,817,1,9.120057608818259
197,635,1,3.4742499346693956
198,321,1,8.979372829754904
199,331,1,1.0626078313542997
200,647,1,4.1875201509881546
201,408,1,8.697763745742765
201,831,1,9.813205017930756
202,205,1,1.6774155146112635
202,208,1,9.827083173654476
202,414,1,0.765904377996729
202,818,1,8.467886255331887
203,718,1,3.135361776782225
204,528,1,5.925620086010839
205,450,1,9.314383730126583
207,963,1,9.926163660067136
210,595,1,9.184115133829193
211,378,1,9.39216760203153
212,265,1,7.140541585216349
213,284,1,6.308511857231838
214,488,1,9.171204303686135
214,515,1,4.445932500704571
214,661,1,5.078077743534766
216,458,1,8.537498425646458
216,667,1,6.453309707136137
217,287,1,9.942138686559382
219,365,1,4.316752777008745
219,762,1,0.04909032540856395
220,594,1,1.865896225777074
222,995,1,1.611706925418941
223,432,1,2.184871181856555
223,573,1,7.543388052297784
224,344,1,8.549942726449837
224,992,1,6.875248356122009
225,243,1,3.6302370685221295
225,904,1,1.712115932309951
226,274,1,8.979588003715126
227,528,1,0.26645679724268345
227,867,1,3.0358092985949483
228,521,1,1.62058423807114
228,579,1,5.221901155580484
230,694,1,5.5026050544602985
231,281,1,3.3923522729763897
232,513,1,0.9171455923147831
232,542,1,7.04696691582798
233,804,1,2.175406704794236
234,800,1,2.682301568312855
236,641,1,4.297363682339437
236,707,1,1.125809030736431
236,760,1,6.370467677258961
237,351,1,9.431652619538403
240,288,1,7.491495429314648
240,460,1,9.918457089848678
242,464,1,6.625463307719545
242,964,1,5.956958052210489
243,522,1,8.707660971235576
243,785,1,4.591545619831143
246,314,1,4.7170642062973585
246,484,1,0.8324032016926075
246,772,1,2.9904120264317644
250,964,1,6.636065178832672
251,267,1,9.591872858835309
256,374,1,6.239225841685766
256,412,1,4.557298584730686
256,513,1,6.161301231383791
256,516,1,6.749568571250274
256,547,1,1.8835386360704065
256,576,1,0.40710551015357366
256,828,1,0.9671891782329567
257,260,1,1.5709101946447213
257,460,1,1.7174841432865673
257,506,1,4.152507017602876
257,616,1,9.61066187746254
258,338,1,5.97390668330101
258,386,1,1.105680955801901
258,856,1,8.12741296434048
259,384,1,1.368050881627011
259,560,1,6.229561916043467
259,648,1,8.05223009656041
260,384,1,2.524941631373089
261,749,1,5.714159317850638
263,418,1,1.5144571440421684
264,297,1,4.57579828391156
264,337,1,3.017334018396806
264,571,1,8.232788905542122
264,577,1,8.234851470199985
264,710,1,3.701689467177258
264,729,1,9.628712782366906
264,769,1,5.370413363348405
264,773,1,2.997196457929927
264,785,1,0.06494232533043043
265,420,1,5.642100334975884
265,456,1,3.9130535372604234
265,523,1,8.649062876851296
265,545,1,8.774410983039907
265,627,1,1.271027263155221
265,660,1,6.063540562822915
265,777,1,3.0939094948072423
266,332,1,7.477152739999347
266,768,1,4.090277355196116
266,770,1,1.3455028285697401
267,460,1,2.720382384321225
267,737,1,8.141665183834421
267,784,1,1.4943941783336057
268,322,1,2.0847159393734316
268,326,1,9.596482642378174
268,378,1,9.19574118322133
270,488,1,4.465516619099067
272,440,1,5.326452172101162
272,805,1,7.692637036222853
273,416,1,2.4156015562034416
273,544,1,1.8151906867100531
273,783,1,9.083867696023445
274,279,1,4.253989774869175
274,656,1,6.52702965811729
275,530,1,3.920060649505287
276,300,1,3.962642553739024
276,392,1,4.897102672131418
276,468,1,5.786293116001719
278,568,1,9.994210511734707
278,768,1,2.726618193552958
279,657,1,3.651445752397
280,584,1,6.233411698503048
280,806,1,9.850642842249925
280,932,1,2.3106885743873242
281,384,1,6.212522177691525
282,532,1,1.6695764007900293
283,538,1,8.301101250029923
283,726,1,9.054482768032049
284,352,1,5.085718950210505
288,323,1,5.71814661081684
288,801,1,3.037614232625947
288,924,1,5.362030783718491
289,351,1,7.74988182650132
289,528,1,1.740372169393628
289,708,1,8.071756531652857
290,393,1,3.051736958645587
290,544,1,3.5519911143010185
290,554,1,4.428113180046617
290,646,1,9.774054775509107
290,647,1,6.5037874426438345
290,686,1,6.745611758654121
291,328,1,2.322249312688578
291,688,1,5.400486583886831
291,784,1,0.08429771844589151
292,366,1,1.6764664468406643
293,334,1,3.1569854721697443
293,623,1,1.7687143903520208
293,980,1,3.336768598683051
294,704,1,6.2960376680150745
294,808,1,4.764351885822884
296,391,1,8.489903544144797
296,594,1,6.860793205023955
297,512,1,0.3749895198613262
302,342,1,7.336502140137471
305,724,1,0.35569962906948915
306,820,1,0.09009740995626903
307,386,1,9.944465362116164
308,402,1,0.49727564697651827
308,449,1,4.65212239673094
308,713,1,5.365373350518307
310,512,1,2.0877553633792645
312,410,1,5.01432396003644
312,716,1,3.611590385832918
312,772,1,4.5145475388556155
314,905,1,3.3813278422526674
316,850,1,4.09084523464752
318,391,1,9.793519018625274
320,482,1,1.698426306345605
320,517,1,6.328416872492365
320,528,1,2.546944925117459
320,808,1,6.67767817753216
321,596,1,3.882577067826516
321,995,1,4.349885686384578
322,488,1,8.08292975353999
322,700,1,9.515737229940378
322,808,1,6.30960229196428
323,468,1,3.2335522622767456
323,527,1,3.4197997481846576
323,556,1,8.513368129388583
324,541,1,5.14264043272914
324,576,1,1.447339096815079
325,519,1,9.098250528722675
325,759,1,7.456877998781204
325,832,1,1.7781959267333558
326,382,1,3.2392749642164476
326,384,1,4.778311769203313
328,592,1,1.0893434328433016
328,781,1,4.300351922456206
329,612,1,2.267952837663376
329,804,1,7.692900251970368
334,874,1,8.132290946979634
337,497,1,8.864381033488518
337,962,1,6.936749986131057
338,840,1,2.133441176861086
339,578,1,4.3318620706183255
344,592,1,7.628116019977151
346,513,1,3.216153387403268
351,516,1,2.673704968673145
352,520,1,9.435668171964915
352,768,1,2.800599699296338
353,486,1,5.4635200333167955
353,620,1,6.614370283759248
354,367,1,1.0246613104180302
354,405,1,8.947158612126135
355,465,1,6.342621654317471
356,520,1,3.625047801794353
356,818,1,1.069155509441917
357,619,1,2.9654271853803915
359,428,1,7.717412653018549
359,584,1,6.071934558177076
359,741,1,3.5742894461309627
360,473,1,5.7188275673654125
360,752,1,5.831791180989351
361,450,1,9.139445643511479
362,449,1,9.430734091710175
362,685,1,8.410195732446596
362,705,1,1.4234922004148443
363,662,1,9.639550578139147
369,771,1,4.965416535147112
372,395,1,3.1513711350061957
374,627,1,5.773444418972183
375,800,1,7.937393104172602
377,534,1,8.067205374110637
384,514,1,0.9893944703406843
384,781,1,0.9604439243692275
384,877,1,4.927041210033036
385,592,1,8.556903568757111
385,796,1,4.714845071543299
385,924,1,6.953187008609699
387,768,1,5.152736680343675
387,770,1,9.328939349182615
388,838,1,4.030153049661855
389,642,1,7.05924361502417
390,945,1,5.45633853051826
391,851,1,9.02397069236856
394,648,1,4.146816457102746
396,406,1,5.548051852463647
397,725,1,6.975432246820237
400,418,1,4.7832150380455065
401,900,1,2.714567538341327
402,740,1,9.71508771115887
405,589,1,9.518161100947552
405,616,1,8.497356213431626
406,520,1,0.32672696210357954
408,492,1,9.420680387830576
408,576,1,0.44580082724107517
411,499,1,0.32025038796566263
413,822,1,2.5800500727649855
415,602,1,4.03445625073061
416,514,1,8.633789433365068
416,641,1,3.7679692478258953
416,911,1,8.257471424040284
417,1002,1,7.371086832317408
418,537,1,2.5681613162266226
420,698,1,1.8753190217894355
422,423,1,6.098502645266246
424,849,1,7.708628890427467
427,905,1,0.6783318030497199
428,781,1,6.874939801084862
429,524,1,9.009392639298088
430,866,1,6.425990363728026
431,738,1,4.369542328604124
432,505,1,7.767170922118332
432,1009,1,2.1551018414253575
434,437,1,3.4679484217401724
435,487,1,5.858215531698505
440,552,1,8.832113235286872
448,721,1,0.4634296050827369
448,775,1,7.496854445335827
449,512,1,4.995562929549969
449,513,1,8.599303697244881
449,896,1,9.742436415729477
452,973,1,3.2315492776931087
454,536,1,0.9810313478448351
457,871,1,2.7713378940933664
459,521,1,7.071011386300933
461,884,1,9.471872624803115
468,770,1,8.948119465120815
469,544,1,4.698710797958302
471,603,1,3.771950351394635
471,859,1,6.368272720433446
474,858,1,9.290930612731573
475,669,1,0.04842752717879262
484,768,1,7.670730971765874
486,883,1,4.547806750744049
488,516,1,8.649860575956119
493,713,1,9.470517194326533
496,822,1,4.369565802575854
513,537,1,6.359847187891058
513,645,1,1.1946792801729766
514,562,1,0.5632016932047246
514,717,1,4.5762782349130795
514,722,1,5.893275937276025
514,932,1,9.155206071048372
515,836,1,8.702400470425264
515,844,1,0.2663784432995253
516,576,1,3.1577529801218707
516,640,1,5.4639264409887165
516,670,1,5.621336510104156
516,816,1,2.4150278518726855
516,836,1,6.735085408574807
517,736,1,0.07864202943837828
517,904,1,0.5000438132008456
518,772,1,6.893040827491774
520,528,1,5.7981138897941475
520,593,1,0.4809866953222064
520,605,1,3.5659403375684127
520,640,1,3.557706049878986
520,716,1,6.428759697229674
520,920,1,5.920569082724876
521,768,1,5.387020227037472
521,786,1,9.12955399866986
523,774,1,7.067418103568073
524,924,1,1.6268315502636055
525,578,1,5.60980112446353
528,570,1,1.0429996875085568
528,578,1,1.9987097705835755
528,589,1,0.6622423056879223
528,625,1,2.8928839882461412
530,638,1,0.4198641287622862
530,889,1,0.532398518458318
530,898,1,6.7992107517419855
530,901,1,7.92796392452073
536,547,1,3.69469425675781
536,709,1,5.2836757845272695
538,656,1,1.655957488239913
540,566,1,9.487424367621674
542,705,1,2.585143262180903
544,765,1,0.47346457887324056
544,808,1,6.578108234739183
546,562,1,6.630998018054559
546,741,1,7.864343569908997
546,770,1,3.8211292753368964
546,893,1,3.607870961709314
546,992,1,8.16550216744783
548,694,1,1.15909504746453
550,813,1,7.533330273083645
550,953,1,0.2732850603339265
552,697,1,1.9628905982986111
552,724,1,6.8427588778993265
552,804,1,5.64311353855304
554,615,1,2.2836720936121937
554,748,1,8.735818296098191
554,838,1,4.090114697211012
556,664,1,4.347119175842273
558,930,1,9.36652474593035
560,744,1,8.695593617073067
561,1012,1,7.006881528991444
564,954,1,4.291034725622362
568,804,1,8.314778013870093
572,659,1,2.793500071171524
576,651,1,2.8131566369746217
577,580,1,5.039181330716348
577,800,1,0.1397524435426556
581,781,1,6.06745551971747
582,625,1,3.0348129716099526
582,754,1,4.04146389844964
584,641,1,7.255825119700653
585,800,1,5.527141469043194
585,998,1,9.972574605981144
588,594,1,9.46617301143437
589,746,1,0.35511296848595886
590,836,1,1.6910333035472114
592,651,1,1.4975189580462434
592,674,1,8.604461064692233
594,769,1,1.2889358869059064
597,773,1,4.8756013005188334
597,845,1,3.5922589633457847
598,611,1,6.101158019464644
604,787,1,2.262445447383649
609,619,1,1.6316768703078532
611,653,1,5.0505833511968445
611,684,1,9.146437010328954
613,968,1,3.6068583304080413
614,854,1,1.5512056122220974
616,626,1,0.4435891317765617
619,674,1,1.5298819126195962
619,768,1,0.743887915511483
620,674,1,5.308481928406675
623,682,1,8.605502644360964
624,846,1,0.5732576670595246
635,736,1,1.521499590934462
636,868,1,4.173148155514681
640,708,1,3.870966148719621
640,797,1,1.8736873765217243
640,848,1,3.098383689142766
644,904,1,6.024357466912518
645,933,1,4.006653376870501
646,836,1,4.665121870937354
649,744,1,3.757900204645681
650,704,1,8.363279030799879
651,676,1,3.6418644298311023
651,784,1,0.23779987077586773
656,724,1,2.4289616445333175
660,838,1,3.5653145682265253
662,899,1,3.8170559552436845
663,828,1,5.435138100588192
669,696,1,2.1515900993512527
672,965,1,4.039776123154349
682,928,1,8.803772665021592
703,896,1,9.109242009509542
705,896,1,9.562835187712844
712,790,1,8.921284999712956
716,734,1,8.301780939900318
720,810,1,5.851304375548736
721,768,1,0.6426179620779893
722,756,1,8.614597835408697
725,893,1,9.551125435491233
728,865,1,4.58773510759147
728,934,1,7.428377685779007
729,743,1,3.1041118221712836
754,769,1,7.323462091593563
755,776,1,3.5856889918001067
769,770,1,8.013262493643259
770,861,1,9.72392294115185
776,900,1,3.2836479572805874
779,814,1,0.5446291319685881
784,898,1,4.0647935378238484
785,799,1,8.984191443100329
800,843,1,0.9863220498536296
800,988,1,2.8483933907387926
825,961,1,2.5283484134603516
842,866,1,7.610804385480117
842,962,1,5.3891854171023565
849,921,1,1.7240013978629987
855,928,1,9.865887801358092
886,961,1,3.2583964827766856